Some((
    red: 0.13010164,
    green: 0.13669981,
    blue: 0.14989614,
    alpha: 1.0,
))